3.8566775    4.5949655            1
4.3558688    5.9196525            1
3.1979879    2.9978851            1
2.7908935    1.6086419            1
4.7607576    3.3218302            1
3.1421846    3.5572337            1
2.7006269    4.0636535            1
2.9666688    4.1889379            1
3.7739767    5.2086793            1
3.8764895    3.9459654            1
2.7065788    3.4975718            1
1.0926505    5.8036168            1
2.1438812    3.2231116            1
2.4677334    4.8660783            1
1.3252428    5.2737979            1
2.9607034    3.120647             1
3.8757954    3.3884445            1
3.2275037    3.3951397            1
2.7590775    4.2246731            1
2.2836064    6.2070447            1
4.3876763    4.2681256            1
3.1312551    4.955279             1
3.134449     4.499423             1
2.9713806    5.0234701            1
3.6630544    6.0845863            1
2.9711298    4.4137803            1
4.5428492    4.2807713            1
1.9137163    3.9914299            1
1.2383476    4.9632781            1
1.453983     3.221192             1
3.5973519    5.8090103            1
2.5866799    6.3904494            1
3.7494233    4.14131              1
2.597933     3.648969             1
2.5340091    6.6622962            1
1.7801186    4.9048759            1
1.5991076    4.7751309            1
1.7048582    3.4467943            1
3.7991172    2.6453853            1
2.2779086    6.1165305            1
2.5888869    0.7294077            1
4.1307996    1.1909782            1
5.7811112    6.0843988            1
2.3122794    1.5446775            1
3.8021508    2.9612998            1
3.5227664    6.4355401            1
3.0504436    2.8564389            1
3.4126278    6.7230838            1
3.3506257    3.9126822            1
3.9361819    3.2291825            1
2.7679393    5.0335898            1
3.4563018    3.9033919            1
2.4097017    3.0899936            1
3.6039798    5.2717319            1
1.7102748    2.8804324            1
3.6840773    2.5856994            1
2.3259099    7.1532492            1
3.1903376    4.2514203            1
2.8475635    2.1269706            1
2.5664569    2.2093515            1
2.9222971    1.4570676            1
4.3307397    2.3102199            1
2.6716707    1.8737748            1
2.6631198    2.0260801            1
2.578596     7.0704672            1
2.2869513    1.9314872            1
3.0258996    4.7137792            1
2.8179623    3.2847872            1
2.6572938    4.8251997            1
3.8942668    4.3411629            1
2.7681601    4.3900201            1
4.507271     1.6298369            1
4.5581391    3.9376791            1
2.6249556    3.4682297            1
2.3118621    3.2890208            1
3.9705053    4.1886949            1
2.624778     4.7014624            1
4.2816807    5.9624954            1
2.0605697    7.2073775            1
3.1347606    4.9123412            1
3.9440033    3.6500185            1
3.8295341    3.7629711            1
0.9798354    4.9674443            1
1.9460053    2.5857372            1
3.6717846    5.4053881            1
3.8488525    3.1287003            1
3.2625409    2.6601947            1
1.5569446    3.5314478            1
1.3686892    6.5102673            1
2.4857589    3.5542838            1
1.1677506    3.8967926            1
2.3438199    3.5247456            1
3.4606255    3.8997476            1
3.9807312    3.2375801            1
3.4693007    3.975663             1
2.1003838    1.3534127            1
1.4706452    4.7540519            1
2.3215347    4.3223579            1
1.9830706    4.3360454            1
4.5431395    5.2757662            1


3.2204723    1.6923953           -1
3.4914095    2.8627403           -1
3.034817     3.377403            -1
1.3322904    3.7272099           -1
1.7151313    5.952155            -1
1.345059     0.5355394           -1
2.4571097    2.0197857           -1
2.3139942    0.4372791           -1
1.5307963    1.6522339           -1
2.2116018    2.9478108           -1
2.0877447    1.5672955           -1
0.2946408    5.9166181           -1
1.598966     3.2130195           -1
1.4009439    3.0592833           -1
1.9889207    2.648274            -1
2.9597022    2.1772077           -1
2.3432893    2.6423637           -1
1.82254      2.4669519           -1
2.663363     0.8540753           -1
2.0723192    3.9691061           -1
2.260399     5.0332813           -1
2.8694647    1.4951297           -1
3.0093573    3.8159112           -1
1.416157     1.8482119           -1
3.1649844    2.8547909           -1
1.5663099    0.9515930           -1
1.5095691   -0.7681494           -1
2.8947307    0.5177757           -1
1.699556     3.9731031           -1
2.420379     3.6667323           -1
2.1471782    1.77989             -1
3.9284082    4.9258014           -1
1.2612396    1.3936353           -1
3.6281093    4.6954874           -1
3.1766976    1.2846348           -1
1.183914     6.6004547           -1
1.5385143    4.5319292           -1
1.8251107    3.7430648           -1
2.2268101    1.9335919           -1
0.1391153    4.2770451           -1
1.5994229    2.3642259           -1
3.4255083    2.0335414           -1
0.6802611    3.5509617           -1
0.8597034    4.94487             -1
0.0001723   -0.3615931           -1
0.8818329    1.6960756           -1
1.8175802    3.4790535           -1
2.3560963    2.5544293           -1
2.479467     0.2335484           -1
3.2623531    1.7590776           -1
2.0319956    1.9357633           -1
2.1699173    4.2028844           -1
1.9630391    2.9347081           -1
1.2749918    3.2649608           -1
1.415213     3.3434825           -1
2.4517807    3.4343683           -1
2.662346     2.4054843           -1
3.526209     5.7400134           -1
3.5734322    3.6370961           -1
1.5936206    5.7291508           -1
2.4156404    3.4763847           -1
2.4451312    3.139639            -1
2.2038328    1.6244818           -1
2.8709526    2.8403875           -1
2.3980077    1.0774675           -1
2.0228264    2.334828            -1
1.1061369    2.7610061           -1
2.610101     1.8139646           -1
2.3218444    1.4564603           -1
2.3579536    0.2409379           -1
5.1790964    1.969198            -1
0.0081833    2.9572647           -1
2.0046451    5.5117864           -1
2.7380845    1.8825583           -1
0.4814132    3.7912793           -1
2.4007159    5.9251193           -1
2.197782     1.3036196           -1
2.7001685    2.7899931           -1
2.4837508    1.6582316           -1
1.3655083    2.1642584           -1
1.2115437    2.7494145           -1
1.8225602    3.871152            -1
4.0190279    2.4522825           -1
1.810022     3.2415031           -1
1.8664379    2.604401            -1
2.4383881    2.4734824           -1
0.7959583    2.2006148           -1
2.022144     1.2877281           -1
1.3160305    2.6999637           -1
1.8344537    2.8559221           -1
0.6501478    3.2884313           -1
1.8379316    1.1069818           -1
2.0033772    4.6768178           -1
2.2668485    3.086075            -1
0.9796213    2.7525708           -1
3.8613307    4.7861128           -1
1.0526171    3.4090075           -1
2.5060925    2.6661421           -1
1.9080441    3.1411848           -1
1.7098595    1.6392204           -1

